[gd_scene load_steps=4 format=3 uid="uid://4f8mjnjjcg5f"]

[ext_resource type="ArrayMesh" uid="uid://drlxtvs3si4dy" path="res://meshes/gameplay_scene/background_layers/background_assets_Bush 1.res" id="1_yitss"]
[ext_resource type="ArrayMesh" uid="uid://3d1bwklswt13" path="res://meshes/gameplay_scene/background_layers/background_assets_Bush 2.res" id="2_vqw20"]
[ext_resource type="ArrayMesh" uid="uid://b51y16oajltg4" path="res://meshes/gameplay_scene/background_layers/background_assets_Bush 3.res" id="3_7bii8"]

[node name="Background First Layer" type="Node3D"]

[node name="Pattern 1" type="Node3D" parent="."]
transform = Transform3D(1, 0, 0, 0, 1, 0, 0, 0, 1, 2.08165e-12, 2.08165e-12, 2.08165e-12)

[node name="Bush 1" type="MeshInstance3D" parent="Pattern 1"]
transform = Transform3D(1.13386, 0, 0.958242, 0, 1.41238, 0, -0.69105, 0, 1.57226, -6, 2.08165e-12, -0.05)
mesh = ExtResource("1_yitss")
skeleton = NodePath("../..")

[node name="Bush 9" type="MeshInstance3D" parent="Pattern 1"]
transform = Transform3D(0.559063, 0, -0.829125, 0, 1.33663, 0, 0.829125, 0, 0.559063, -3.23841, 0, 0.0343291)
mesh = ExtResource("1_yitss")
skeleton = NodePath("../..")

[node name="Bush 4" type="MeshInstance3D" parent="Pattern 1"]
transform = Transform3D(-0.881079, 0, -0.65028, 0, 1.37989, 0, 0.988345, 0, -0.579704, -4.60618, 0.0349338, -0.099173)
mesh = ExtResource("1_yitss")
skeleton = NodePath("../..")

[node name="Bush 2" type="MeshInstance3D" parent="Pattern 1"]
transform = Transform3D(1, 0, 0, 0, 1, 0, 0, 0, 1, -5.07425, 0, 0)
mesh = ExtResource("2_vqw20")
skeleton = NodePath("../..")

[node name="Bush 7" type="MeshInstance3D" parent="Pattern 1"]
transform = Transform3D(1.5024, 0, 0.151209, 0, 1.58396, 0, -0.229819, 0, 0.988502, -2.80934, 0.0349338, -0.12237)
mesh = ExtResource("1_yitss")
skeleton = NodePath("../..")

[node name="Bush 8" type="MeshInstance3D" parent="Pattern 1"]
transform = Transform3D(-0.770658, 0, 0.637249, 0, 1, 0, -0.637249, 0, -0.770658, -2.38542, 0, 0.0994838)
mesh = ExtResource("2_vqw20")
skeleton = NodePath("../..")

[node name="Bush 5" type="MeshInstance3D" parent="Pattern 1"]
transform = Transform3D(0.751037, -0.855861, -0.42795, 0.394819, 1.47549, -0.266858, 0.967161, 0.0622785, 0.441257, -4.18095, 0.0873345, 0)
mesh = ExtResource("2_vqw20")
skeleton = NodePath("../..")

[node name="Bush 13" type="MeshInstance3D" parent="Pattern 1"]
transform = Transform3D(-0.888169, -0.177214, -1.31112, 0.394819, 1.78372, -0.726796, 0.842979, -1.02214, -1.04101, -0.887273, 0.165934, 0)
mesh = ExtResource("2_vqw20")
skeleton = NodePath("../..")

[node name="Bush 3" type="MeshInstance3D" parent="Pattern 1"]
transform = Transform3D(1, 0, 0, 0, 1, 0, 0, 0, 1, -5.52487, 0, 0.137317)
mesh = ExtResource("3_7bii8")
skeleton = NodePath("../..")

[node name="Bush 10" type="MeshInstance3D" parent="Pattern 1"]
transform = Transform3D(0.758043, -0.533987, -0.374471, -0.652204, -0.620641, -0.43524, 0, 0.574162, -0.818741, -1.98512, 0.0452612, -0.0804896)
mesh = ExtResource("1_yitss")
skeleton = NodePath("../..")

[node name="Bush 11" type="MeshInstance3D" parent="Pattern 1"]
transform = Transform3D(0.142483, -0.87229, 0.46777, -0.0709212, -0.480374, -0.874192, 0.987253, 0.0913822, -0.130309, -1.25026, 0.0167904, -0.121088)
mesh = ExtResource("2_vqw20")
skeleton = NodePath("../..")

[node name="Bush 12" type="MeshInstance3D" parent="Pattern 1"]
transform = Transform3D(0.81535, 0.474025, 0.332422, 0.578968, -0.667561, -0.468143, 0, 0.574162, -0.818741, -1.74953, 0.271059, -0.233515)
mesh = ExtResource("3_7bii8")
skeleton = NodePath("../..")

[node name="Bush 6" type="MeshInstance3D" parent="Pattern 1"]
transform = Transform3D(-0.332408, 0, -0.943136, 0, 0.532344, 0, 0.943136, 0, -0.332408, -3.68528, -0.0424196, -0.0953589)
mesh = ExtResource("3_7bii8")
skeleton = NodePath("../..")

[node name="Bush 14" type="MeshInstance3D" parent="Pattern 1"]
transform = Transform3D(0.388278, 0, 0.954324, 0, 1.0261, 0, -1.24021, 0, 0.298774, -0.415326, 0.0196937, 0.0548095)
mesh = ExtResource("1_yitss")
skeleton = NodePath("../..")

[node name="Pattern 2" type="Node3D" parent="."]
transform = Transform3D(1, 0, 0, 0, 1, 0, 0, 0, 1, 6, 2.08165e-12, 2.08165e-12)

[node name="Bush 1" type="MeshInstance3D" parent="Pattern 2"]
transform = Transform3D(1.13386, 0, 0.958242, 0, 1.41238, 0, -0.69105, 0, 1.57226, -6, 2.08165e-12, -0.05)
mesh = ExtResource("1_yitss")
skeleton = NodePath("../..")

[node name="Bush 9" type="MeshInstance3D" parent="Pattern 2"]
transform = Transform3D(0.559063, 0, -0.829125, 0, 1.33663, 0, 0.829125, 0, 0.559063, -3.23841, 0, 0.0343291)
mesh = ExtResource("1_yitss")
skeleton = NodePath("../..")

[node name="Bush 4" type="MeshInstance3D" parent="Pattern 2"]
transform = Transform3D(-0.881079, 0, -0.65028, 0, 1.37989, 0, 0.988345, 0, -0.579704, -4.60618, 0.0349338, -0.099173)
mesh = ExtResource("1_yitss")
skeleton = NodePath("../..")

[node name="Bush 2" type="MeshInstance3D" parent="Pattern 2"]
transform = Transform3D(1, 0, 0, 0, 1, 0, 0, 0, 1, -5.07425, 0, 0)
mesh = ExtResource("2_vqw20")
skeleton = NodePath("../..")

[node name="Bush 7" type="MeshInstance3D" parent="Pattern 2"]
transform = Transform3D(1.5024, 0, 0.151209, 0, 1.58396, 0, -0.229819, 0, 0.988502, -2.80934, 0.0349338, -0.12237)
mesh = ExtResource("1_yitss")
skeleton = NodePath("../..")

[node name="Bush 8" type="MeshInstance3D" parent="Pattern 2"]
transform = Transform3D(-0.770658, 0, 0.637249, 0, 1, 0, -0.637249, 0, -0.770658, -2.38542, 0, 0.0994838)
mesh = ExtResource("2_vqw20")
skeleton = NodePath("../..")

[node name="Bush 5" type="MeshInstance3D" parent="Pattern 2"]
transform = Transform3D(0.751037, -0.855861, -0.42795, 0.394819, 1.47549, -0.266858, 0.967161, 0.0622785, 0.441257, -4.18095, 0.0873345, 0)
mesh = ExtResource("2_vqw20")
skeleton = NodePath("../..")

[node name="Bush 13" type="MeshInstance3D" parent="Pattern 2"]
transform = Transform3D(-0.888169, -0.177214, -1.31112, 0.394819, 1.78372, -0.726796, 0.842979, -1.02214, -1.04101, -0.887273, 0.165934, 0)
mesh = ExtResource("2_vqw20")
skeleton = NodePath("../..")

[node name="Bush 3" type="MeshInstance3D" parent="Pattern 2"]
transform = Transform3D(1, 0, 0, 0, 1, 0, 0, 0, 1, -5.52487, 0, 0.137317)
mesh = ExtResource("3_7bii8")
skeleton = NodePath("../..")

[node name="Bush 10" type="MeshInstance3D" parent="Pattern 2"]
transform = Transform3D(0.758043, -0.533987, -0.374471, -0.652204, -0.620641, -0.43524, 0, 0.574162, -0.818741, -1.98512, 0.0452612, -0.0804896)
mesh = ExtResource("1_yitss")
skeleton = NodePath("../..")

[node name="Bush 11" type="MeshInstance3D" parent="Pattern 2"]
transform = Transform3D(0.142483, -0.87229, 0.46777, -0.0709212, -0.480374, -0.874192, 0.987253, 0.0913822, -0.130309, -1.25026, 0.0167904, -0.121088)
mesh = ExtResource("2_vqw20")
skeleton = NodePath("../..")

[node name="Bush 12" type="MeshInstance3D" parent="Pattern 2"]
transform = Transform3D(0.81535, 0.474025, 0.332422, 0.578968, -0.667561, -0.468143, 0, 0.574162, -0.818741, -1.74953, 0.271059, -0.233515)
mesh = ExtResource("3_7bii8")
skeleton = NodePath("../..")

[node name="Bush 6" type="MeshInstance3D" parent="Pattern 2"]
transform = Transform3D(-0.332408, 0, -0.943136, 0, 0.532344, 0, 0.943136, 0, -0.332408, -3.68528, -0.0424196, -0.0953589)
mesh = ExtResource("3_7bii8")
skeleton = NodePath("../..")

[node name="Bush 14" type="MeshInstance3D" parent="Pattern 2"]
transform = Transform3D(0.388278, 0, 0.954324, 0, 1.0261, 0, -1.24021, 0, 0.298774, -0.415326, 0.0196937, 0.0548095)
mesh = ExtResource("1_yitss")
skeleton = NodePath("../..")

[node name="Pattern 3" type="Node3D" parent="."]
transform = Transform3D(1, 0, 0, 0, 1, 0, 0, 0, 1, 12, 2.08165e-12, 2.08165e-12)

[node name="Bush 1" type="MeshInstance3D" parent="Pattern 3"]
transform = Transform3D(1.13386, 0, 0.958242, 0, 1.41238, 0, -0.69105, 0, 1.57226, -6, 2.08165e-12, -0.05)
mesh = ExtResource("1_yitss")
skeleton = NodePath("../..")

[node name="Bush 9" type="MeshInstance3D" parent="Pattern 3"]
transform = Transform3D(0.559063, 0, -0.829125, 0, 1.33663, 0, 0.829125, 0, 0.559063, -3.23841, 0, 0.0343291)
mesh = ExtResource("1_yitss")
skeleton = NodePath("../..")

[node name="Bush 4" type="MeshInstance3D" parent="Pattern 3"]
transform = Transform3D(-0.881079, 0, -0.65028, 0, 1.37989, 0, 0.988345, 0, -0.579704, -4.60618, 0.0349338, -0.099173)
mesh = ExtResource("1_yitss")
skeleton = NodePath("../..")

[node name="Bush 2" type="MeshInstance3D" parent="Pattern 3"]
transform = Transform3D(1, 0, 0, 0, 1, 0, 0, 0, 1, -5.07425, 0, 0)
mesh = ExtResource("2_vqw20")
skeleton = NodePath("../..")

[node name="Bush 7" type="MeshInstance3D" parent="Pattern 3"]
transform = Transform3D(1.5024, 0, 0.151209, 0, 1.58396, 0, -0.229819, 0, 0.988502, -2.80934, 0.0349338, -0.12237)
mesh = ExtResource("1_yitss")
skeleton = NodePath("../..")

[node name="Bush 8" type="MeshInstance3D" parent="Pattern 3"]
transform = Transform3D(-0.770658, 0, 0.637249, 0, 1, 0, -0.637249, 0, -0.770658, -2.38542, 0, 0.0994838)
mesh = ExtResource("2_vqw20")
skeleton = NodePath("../..")

[node name="Bush 5" type="MeshInstance3D" parent="Pattern 3"]
transform = Transform3D(0.751037, -0.855861, -0.42795, 0.394819, 1.47549, -0.266858, 0.967161, 0.0622785, 0.441257, -4.18095, 0.0873345, 0)
mesh = ExtResource("2_vqw20")
skeleton = NodePath("../..")

[node name="Bush 13" type="MeshInstance3D" parent="Pattern 3"]
transform = Transform3D(-0.888169, -0.177214, -1.31112, 0.394819, 1.78372, -0.726796, 0.842979, -1.02214, -1.04101, -0.887273, 0.165934, 0)
mesh = ExtResource("2_vqw20")
skeleton = NodePath("../..")

[node name="Bush 3" type="MeshInstance3D" parent="Pattern 3"]
transform = Transform3D(1, 0, 0, 0, 1, 0, 0, 0, 1, -5.52487, 0, 0.137317)
mesh = ExtResource("3_7bii8")
skeleton = NodePath("../..")

[node name="Bush 10" type="MeshInstance3D" parent="Pattern 3"]
transform = Transform3D(0.758043, -0.533987, -0.374471, -0.652204, -0.620641, -0.43524, 0, 0.574162, -0.818741, -1.98512, 0.0452612, -0.0804896)
mesh = ExtResource("1_yitss")
skeleton = NodePath("../..")

[node name="Bush 11" type="MeshInstance3D" parent="Pattern 3"]
transform = Transform3D(0.142483, -0.87229, 0.46777, -0.0709212, -0.480374, -0.874192, 0.987253, 0.0913822, -0.130309, -1.25026, 0.0167904, -0.121088)
mesh = ExtResource("2_vqw20")
skeleton = NodePath("../..")

[node name="Bush 12" type="MeshInstance3D" parent="Pattern 3"]
transform = Transform3D(0.81535, 0.474025, 0.332422, 0.578968, -0.667561, -0.468143, 0, 0.574162, -0.818741, -1.74953, 0.271059, -0.233515)
mesh = ExtResource("3_7bii8")
skeleton = NodePath("../..")

[node name="Bush 6" type="MeshInstance3D" parent="Pattern 3"]
transform = Transform3D(-0.332408, 0, -0.943136, 0, 0.532344, 0, 0.943136, 0, -0.332408, -3.68528, -0.0424196, -0.0953589)
mesh = ExtResource("3_7bii8")
skeleton = NodePath("../..")

[node name="Bush 14" type="MeshInstance3D" parent="Pattern 3"]
transform = Transform3D(0.388278, 0, 0.954324, 0, 1.0261, 0, -1.24021, 0, 0.298774, -0.415326, 0.0196937, 0.0548095)
mesh = ExtResource("1_yitss")
skeleton = NodePath("../..")

[node name="Pattern 4" type="Node3D" parent="."]
transform = Transform3D(1, 0, 0, 0, 1, 0, 0, 0, 1, -6, 2.08165e-12, 2.08165e-12)

[node name="Bush 1" type="MeshInstance3D" parent="Pattern 4"]
transform = Transform3D(1.13386, 0, 0.958242, 0, 1.41238, 0, -0.69105, 0, 1.57226, -6, 2.08165e-12, -0.05)
mesh = ExtResource("1_yitss")
skeleton = NodePath("../..")

[node name="Bush 9" type="MeshInstance3D" parent="Pattern 4"]
transform = Transform3D(0.559063, 0, -0.829125, 0, 1.33663, 0, 0.829125, 0, 0.559063, -3.23841, 0, 0.0343291)
mesh = ExtResource("1_yitss")
skeleton = NodePath("../..")

[node name="Bush 4" type="MeshInstance3D" parent="Pattern 4"]
transform = Transform3D(-0.881079, 0, -0.65028, 0, 1.37989, 0, 0.988345, 0, -0.579704, -4.60618, 0.0349338, -0.099173)
mesh = ExtResource("1_yitss")
skeleton = NodePath("../..")

[node name="Bush 2" type="MeshInstance3D" parent="Pattern 4"]
transform = Transform3D(1, 0, 0, 0, 1, 0, 0, 0, 1, -5.07425, 0, 0)
mesh = ExtResource("2_vqw20")
skeleton = NodePath("../..")

[node name="Bush 7" type="MeshInstance3D" parent="Pattern 4"]
transform = Transform3D(1.5024, 0, 0.151209, 0, 1.58396, 0, -0.229819, 0, 0.988502, -2.80934, 0.0349338, -0.12237)
mesh = ExtResource("1_yitss")
skeleton = NodePath("../..")

[node name="Bush 8" type="MeshInstance3D" parent="Pattern 4"]
transform = Transform3D(-0.770658, 0, 0.637249, 0, 1, 0, -0.637249, 0, -0.770658, -2.38542, 0, 0.0994838)
mesh = ExtResource("2_vqw20")
skeleton = NodePath("../..")

[node name="Bush 5" type="MeshInstance3D" parent="Pattern 4"]
transform = Transform3D(0.751037, -0.855861, -0.42795, 0.394819, 1.47549, -0.266858, 0.967161, 0.0622785, 0.441257, -4.18095, 0.0873345, 0)
mesh = ExtResource("2_vqw20")
skeleton = NodePath("../..")

[node name="Bush 13" type="MeshInstance3D" parent="Pattern 4"]
transform = Transform3D(-0.888169, -0.177214, -1.31112, 0.394819, 1.78372, -0.726796, 0.842979, -1.02214, -1.04101, -0.887273, 0.165934, 0)
mesh = ExtResource("2_vqw20")
skeleton = NodePath("../..")

[node name="Bush 3" type="MeshInstance3D" parent="Pattern 4"]
transform = Transform3D(1, 0, 0, 0, 1, 0, 0, 0, 1, -5.52487, 0, 0.137317)
mesh = ExtResource("3_7bii8")
skeleton = NodePath("../..")

[node name="Bush 10" type="MeshInstance3D" parent="Pattern 4"]
transform = Transform3D(0.758043, -0.533987, -0.374471, -0.652204, -0.620641, -0.43524, 0, 0.574162, -0.818741, -1.98512, 0.0452612, -0.0804896)
mesh = ExtResource("1_yitss")
skeleton = NodePath("../..")

[node name="Bush 11" type="MeshInstance3D" parent="Pattern 4"]
transform = Transform3D(0.142483, -0.87229, 0.46777, -0.0709212, -0.480374, -0.874192, 0.987253, 0.0913822, -0.130309, -1.25026, 0.0167904, -0.121088)
mesh = ExtResource("2_vqw20")
skeleton = NodePath("../..")

[node name="Bush 12" type="MeshInstance3D" parent="Pattern 4"]
transform = Transform3D(0.81535, 0.474025, 0.332422, 0.578968, -0.667561, -0.468143, 0, 0.574162, -0.818741, -1.74953, 0.271059, -0.233515)
mesh = ExtResource("3_7bii8")
skeleton = NodePath("../..")

[node name="Bush 6" type="MeshInstance3D" parent="Pattern 4"]
transform = Transform3D(-0.332408, 0, -0.943136, 0, 0.532344, 0, 0.943136, 0, -0.332408, -3.68528, -0.0424196, -0.0953589)
mesh = ExtResource("3_7bii8")
skeleton = NodePath("../..")

[node name="Bush 14" type="MeshInstance3D" parent="Pattern 4"]
transform = Transform3D(0.388278, 0, 0.954324, 0, 1.0261, 0, -1.24021, 0, 0.298774, -0.415326, 0.0196937, 0.0548095)
mesh = ExtResource("1_yitss")
skeleton = NodePath("../..")
